54,6
54,5
0,483
0,482
54,4
54,3
54,2
54,1
54,0
0,481
53,3
53,2
53,1
53,0
52,4
52,3
52,2
52,1
52,0
51,4
51,3
51,2
51,1
51,0
50,3
50,2
50,1
50,0
0,480
0,479
49,6
49,5
0,478
49,4
0,477
0,476
0,475
0,474
0,473
0,472
49,3
49,2
0,471
49,1
49,0
0,470
48,3
48,2
0,469
48,1
48,0
0,468
0,467
0,466
0,465
0,464
47,4
0,463
0,462
47,3
47,2
0,461
47,1
47,0
0,460
0,459
46,4
0,458
0,457
0,456
46,3
46,2
0,455
46,1
46,0
0,454
45,3
45,2
45,1
45,0
0,453
0,452
44,4
0,451
0,450
44,3
44,2
44,1
44,0
43,3
43,2
43,1
43,0
0,449
42,4
42,3
42,2
42,1
42,0
41,4
41,3
41,2
41,1
41,0
40,3
40,2
0,448
40,1
40,0
0,447
0,446
0,445
0,444
0,443
0,442
0,441
0,440
0,439
0,438
0,437
0,436
0,435
0,434
39,3
39,2
0,433
39,1
